{
 "cells": [
  {
   "cell_type": "code",
   "execution_count": 1,
   "metadata": {},
   "outputs": [],
   "source": [
    "# Useful starting lines\n",
    "%matplotlib inline\n",
    "import numpy as np\n",
    "import matplotlib.pyplot as plt\n",
    "%load_ext autoreload\n",
    "%autoreload 2"
   ]
  },
  {
   "cell_type": "code",
   "execution_count": 2,
   "metadata": {},
   "outputs": [],
   "source": [
    "from implementations import *\n",
    "from proj1_helpers import *"
   ]
  },
  {
   "cell_type": "markdown",
   "metadata": {},
   "source": [
    "## Load the training data into feature matrix, class labels, and event ids:"
   ]
  },
  {
   "cell_type": "code",
   "execution_count": 6,
   "metadata": {},
   "outputs": [],
   "source": [
    "from proj1_helpers import *\n",
    "DATA_TRAIN_PATH = 'data/train.csv'\n",
    "y, tX, ids = load_csv_data(DATA_TRAIN_PATH)"
   ]
  },
  {
   "cell_type": "markdown",
   "metadata": {},
   "source": [
    "## Data cleaning\n",
    "\n",
    "* handle missing data : here we replace the missing data (the −999.0 values) by the mean of the other observations"
   ]
  },
  {
   "cell_type": "code",
   "execution_count": 7,
   "metadata": {},
   "outputs": [],
   "source": [
    "# for each feature, replace the missing value by the mean of the observed data\n",
    "\n",
    "no_val = -999.0\n",
    "for j in range(tX.shape[1]):\n",
    "    mean = np.mean(tX[:, j] != no_val)\n",
    "    tX[:, j][tX[:, j] == no_val] = mean"
   ]
  },
  {
   "cell_type": "markdown",
   "metadata": {},
   "source": [
    "* remove uncorrelated features"
   ]
  },
  {
   "cell_type": "code",
   "execution_count": 8,
   "metadata": {},
   "outputs": [
    {
     "data": {
      "text/plain": [
       "array([-0.01405533,  0.01224553, -0.01528749, -0.00094325, -0.00440256,\n",
       "       -0.03194771,  0.00151624,  0.00412546,  0.02246584,  0.00747537,\n",
       "       -0.03122378, -0.03160598, -0.01687982, -0.02245849])"
      ]
     },
     "execution_count": 8,
     "metadata": {},
     "output_type": "execute_result"
    }
   ],
   "source": [
    "def pearson(X, Y):\n",
    "    return np.cov(X, Y)[0, 1] / (np.std(X) * np.std(Y))\n",
    "\n",
    "nb_features = tX.shape[1]\n",
    "\n",
    "# correlation between feature and label\n",
    "\n",
    "lab_matrix = np.zeros(nb_features)\n",
    "for j in range(tX.shape[1]):\n",
    "    cor = pearson(tX[:, j], y)    \n",
    "    lab_matrix[j] = cor\n",
    "\n",
    "\n",
    "lab_matrix[np.absolute(lab_matrix) < 0.03 ]"
   ]
  },
  {
   "cell_type": "code",
   "execution_count": 62,
   "metadata": {},
   "outputs": [
    {
     "name": "stdout",
     "output_type": "stream",
     "text": [
      "0 0\n",
      "0 2\n",
      "1 1\n",
      "2 0\n",
      "2 2\n",
      "2 7\n",
      "3 3\n",
      "3 7\n",
      "3 9\n",
      "3 11\n",
      "3 19\n",
      "3 21\n",
      "3 22\n",
      "3 23\n",
      "3 26\n",
      "3 29\n",
      "4 4\n",
      "4 5\n",
      "4 6\n",
      "4 12\n",
      "4 22\n",
      "4 26\n",
      "5 4\n",
      "5 5\n",
      "5 6\n",
      "5 9\n",
      "5 12\n",
      "5 22\n",
      "5 26\n",
      "5 29\n",
      "6 4\n",
      "6 5\n",
      "6 6\n",
      "6 12\n",
      "7 2\n",
      "7 3\n",
      "7 7\n",
      "8 8\n",
      "9 3\n",
      "9 5\n",
      "9 9\n",
      "9 13\n",
      "9 19\n",
      "9 21\n",
      "9 22\n",
      "9 23\n",
      "9 26\n",
      "9 29\n",
      "10 10\n",
      "10 16\n",
      "11 3\n",
      "11 11\n",
      "12 4\n",
      "12 5\n",
      "12 6\n",
      "12 12\n",
      "13 9\n",
      "13 13\n",
      "14 14\n",
      "14 17\n",
      "15 15\n",
      "16 10\n",
      "16 16\n",
      "17 14\n",
      "17 17\n",
      "18 18\n",
      "19 3\n",
      "19 9\n",
      "19 19\n",
      "19 23\n",
      "19 29\n",
      "20 20\n",
      "21 3\n",
      "21 9\n",
      "21 21\n",
      "21 22\n",
      "21 23\n",
      "21 26\n",
      "21 29\n",
      "22 3\n",
      "22 4\n",
      "22 5\n",
      "22 9\n",
      "22 21\n",
      "22 22\n",
      "22 23\n",
      "22 26\n",
      "22 29\n",
      "23 3\n",
      "23 9\n",
      "23 19\n",
      "23 21\n",
      "23 22\n",
      "23 23\n",
      "23 26\n",
      "23 29\n",
      "24 24\n",
      "25 25\n",
      "26 3\n",
      "26 4\n",
      "26 5\n",
      "26 9\n",
      "26 21\n",
      "26 22\n",
      "26 23\n",
      "26 26\n",
      "26 29\n",
      "27 27\n",
      "28 28\n",
      "29 3\n",
      "29 5\n",
      "29 9\n",
      "29 19\n",
      "29 21\n",
      "29 22\n",
      "29 23\n",
      "29 26\n",
      "29 29\n"
     ]
    },
    {
     "data": {
      "text/plain": [
       "array([[ 1.00020004e+00, -1.66561592e-01,  6.72396272e-01,\n",
       "         1.57433081e-01,  6.86968090e-02,  6.05265594e-02,\n",
       "        -2.82428860e-02,  4.50957782e-01,  3.05017723e-02,\n",
       "         2.01725578e-01,  2.77296948e-02,  2.31719253e-01,\n",
       "         3.61563783e-02,  2.59172678e-01,  2.05400351e-02,\n",
       "        -1.38174796e-03,  2.73975126e-01, -1.48475748e-02,\n",
       "         2.65693135e-02, -8.01380915e-02,  2.09611254e-02,\n",
       "         1.97837274e-01,  1.39157703e-01,  1.44318200e-01,\n",
       "        -3.95191993e-02, -5.28985122e-02,  7.68605514e-02,\n",
       "        -3.41906373e-02, -2.50395557e-02,  1.23260885e-01],\n",
       "       [-1.66561592e-01,  1.00020004e+00,  2.09193913e-01,\n",
       "        -2.68996335e-01, -1.87564817e-01, -1.78423344e-01,\n",
       "         1.12424234e-01,  6.94216772e-02,  9.50492514e-03,\n",
       "        -1.60317604e-01,  3.42170231e-01, -4.39804499e-01,\n",
       "        -1.21022910e-01, -1.54319249e-01,  1.07678496e-02,\n",
       "         1.90075777e-02,  3.10452671e-01, -3.64396323e-03,\n",
       "         6.05810953e-03,  1.79022163e-01, -3.92927303e-02,\n",
       "        -1.72542055e-01, -2.32147965e-01, -2.44017230e-01,\n",
       "         5.18657008e-02,  1.03928295e-01, -1.71031651e-01,\n",
       "         3.74368749e-02,  6.12136706e-02, -2.20179018e-01],\n",
       "       [ 6.72396272e-01,  2.09193913e-01,  1.00020004e+00,\n",
       "        -5.88160689e-02, -5.34797996e-02, -6.00830750e-02,\n",
       "         3.87388623e-02,  5.98005623e-01,  7.40673415e-03,\n",
       "         6.49604100e-02,  8.32822242e-02, -1.05417541e-01,\n",
       "        -5.14944100e-02,  2.62711425e-01,  8.60831531e-03,\n",
       "         1.35948639e-02,  3.75696837e-01, -7.87426363e-03,\n",
       "         2.31672435e-02, -7.06131036e-02, -2.08081848e-03,\n",
       "         4.24527617e-02, -3.17794029e-02, -5.65855203e-02,\n",
       "        -7.66049471e-03, -3.41998671e-03, -5.94650455e-02,\n",
       "        -1.00868367e-02,  3.67827424e-03, -5.83688194e-02],\n",
       "       [ 1.57433081e-01, -2.68996335e-01, -5.88160689e-02,\n",
       "         1.00020004e+00,  3.40540140e-01,  4.16504801e-01,\n",
       "        -1.46508453e-01, -5.29647244e-01,  2.86277338e-01,\n",
       "         8.34292778e-01,  6.67463980e-02,  5.45479279e-01,\n",
       "         1.74806319e-01,  4.34646160e-01,  7.07577330e-03,\n",
       "         1.58670261e-02,  3.47274659e-01,  1.77846954e-02,\n",
       "         1.22359335e-02,  6.78616048e-01,  3.47642329e-02,\n",
       "         7.82961391e-01,  6.11619272e-01,  8.81090488e-01,\n",
       "        -1.16820132e-01, -1.24272231e-01,  5.67693758e-01,\n",
       "        -8.25450225e-02, -1.01243376e-01,  8.08568959e-01],\n",
       "       [ 6.86968090e-02, -1.87564817e-01, -5.34797996e-02,\n",
       "         3.40540140e-01,  1.00020004e+00,  8.79077909e-01,\n",
       "        -7.43984546e-01, -1.93591096e-01,  1.04201529e-01,\n",
       "         4.22167143e-01, -1.77697929e-02,  3.10220081e-01,\n",
       "         6.60748758e-01,  1.46096348e-01, -1.23727804e-02,\n",
       "        -6.76301533e-03,  6.54448167e-02,  2.95565609e-03,\n",
       "         9.90834597e-03,  1.58912870e-01,  2.41926642e-02,\n",
       "         3.69117821e-01,  5.96336996e-01,  3.65934794e-01,\n",
       "        -6.20045273e-02, -9.67473698e-02,  5.58048252e-01,\n",
       "        -7.95570662e-02, -1.62300941e-01,  4.47829283e-01],\n",
       "       [ 6.05265594e-02, -1.78423344e-01, -6.00830750e-02,\n",
       "         4.16504801e-01,  8.79077909e-01,  1.00020004e+00,\n",
       "        -7.29889787e-01, -2.35375193e-01,  1.46515178e-01,\n",
       "         5.25717796e-01, -3.33352634e-02,  2.90137840e-01,\n",
       "         5.54563048e-01,  2.04301805e-01, -1.30801168e-02,\n",
       "        -4.13877825e-03,  8.47391151e-02,  4.63868981e-03,\n",
       "         1.42291969e-02,  2.49473337e-01,  2.11952416e-02,\n",
       "         4.57253535e-01,  5.32772995e-01,  4.70423232e-01,\n",
       "        -7.37606733e-02, -8.65181939e-02,  6.26713962e-01,\n",
       "        -6.01902299e-02, -1.50607130e-01,  5.52321699e-01],\n",
       "       [-2.82428860e-02,  1.12424234e-01,  3.87388623e-02,\n",
       "        -1.46508453e-01, -7.43984546e-01, -7.29889787e-01,\n",
       "         1.00020004e+00,  8.50628964e-02,  2.41282393e-02,\n",
       "        -1.53581391e-01,  5.65120664e-02, -1.46406371e-01,\n",
       "        -5.89854349e-01, -8.55085473e-02, -5.24437004e-03,\n",
       "         1.96293732e-03,  9.05461047e-03, -1.43109772e-02,\n",
       "        -1.43510660e-02, -6.83888203e-02, -1.61029350e-02,\n",
       "        -1.21899504e-01, -1.89127881e-01, -1.49660764e-01,\n",
       "         4.91059797e-03,  3.87453508e-02, -2.06247326e-01,\n",
       "         1.45676667e-02,  1.07587911e-01, -1.63097151e-01],\n",
       "       [ 4.50957782e-01,  6.94216772e-02,  5.98005623e-01,\n",
       "        -5.29647244e-01, -1.93591096e-01, -2.35375193e-01,\n",
       "         8.50628964e-02,  1.00020004e+00, -1.51846770e-01,\n",
       "        -4.25415159e-01,  5.64199612e-02, -2.17759840e-01,\n",
       "        -1.02711436e-01, -2.11323175e-01,  2.55531358e-03,\n",
       "        -6.30248848e-03, -5.78149199e-02, -1.27919559e-02,\n",
       "        -3.14948839e-03, -3.80920991e-01, -1.78641611e-02,\n",
       "        -3.97410474e-01, -3.37334651e-01, -4.68915806e-01,\n",
       "         5.68885001e-02,  5.60921715e-02, -3.18565665e-01,\n",
       "         3.85648802e-02,  5.53908386e-02, -4.39612470e-01],\n",
       "       [ 3.05017723e-02,  9.50492514e-03,  7.40673415e-03,\n",
       "         2.86277338e-01,  1.04201529e-01,  1.46515178e-01,\n",
       "         2.41282393e-02, -1.51846770e-01,  1.00020004e+00,\n",
       "         4.10946942e-01,  3.73309848e-03,  1.68615679e-01,\n",
       "         5.13223587e-03,  1.41284066e-01, -4.87948251e-03,\n",
       "        -1.96390630e-03,  9.74368487e-02,  6.71507654e-04,\n",
       "         3.88247422e-03,  2.02142432e-01, -6.39560487e-03,\n",
       "         4.66720159e-01,  3.67883388e-01,  2.88618176e-01,\n",
       "        -6.21536346e-02, -5.48843582e-02,  3.75506882e-01,\n",
       "        -1.42366238e-02, -4.06155339e-02,  4.29004294e-01],\n",
       "       [ 2.01725578e-01, -1.60317604e-01,  6.49604100e-02,\n",
       "         8.34292778e-01,  4.22167143e-01,  5.25717796e-01,\n",
       "        -1.53581391e-01, -4.25415159e-01,  4.10946942e-01,\n",
       "         1.00020004e+00,  7.14832810e-02,  4.24537119e-01,\n",
       "         2.04761971e-01,  5.06667912e-01, -3.46854325e-03,\n",
       "         8.07682821e-03,  4.21568646e-01,  1.13958818e-02,\n",
       "         1.62702325e-02,  5.30280210e-01,  2.86402140e-02,\n",
       "         9.05732688e-01,  7.49638893e-01,  9.13829355e-01,\n",
       "        -1.19566949e-01, -1.25611359e-01,  8.09746131e-01,\n",
       "        -1.00912540e-01, -1.31333857e-01,  9.71264088e-01],\n",
       "       [ 2.77296948e-02,  3.42170231e-01,  8.32822242e-02,\n",
       "         6.67463980e-02, -1.77697929e-02, -3.33352634e-02,\n",
       "         5.65120664e-02,  5.64199612e-02,  3.73309848e-03,\n",
       "         7.14832810e-02,  1.00020004e+00, -5.92666878e-02,\n",
       "        -8.03539468e-03, -4.91414519e-01,  1.23854243e-02,\n",
       "         3.31645752e-02,  7.15703760e-01, -9.02565564e-03,\n",
       "        -1.24233155e-02,  2.91139848e-02, -7.41744984e-03,\n",
       "         2.31495198e-02,  3.20704870e-02,  4.10377059e-02,\n",
       "        -1.62573276e-02,  6.01276554e-03,  2.07488990e-02,\n",
       "         1.62761940e-02,  1.84785442e-02,  3.48861966e-02],\n",
       "       [ 2.31719253e-01, -4.39804499e-01, -1.05417541e-01,\n",
       "         5.45479279e-01,  3.10220081e-01,  2.90137840e-01,\n",
       "        -1.46406371e-01, -2.17759840e-01,  1.68615679e-01,\n",
       "         4.24537119e-01, -5.92666878e-02,  1.00020004e+00,\n",
       "         1.88484358e-01,  1.67824376e-01,  1.23921615e-02,\n",
       "         6.85000641e-03,  4.18839991e-02,  2.54260999e-02,\n",
       "         2.07374466e-03,  1.78911350e-01,  2.88156411e-02,\n",
       "         4.23729378e-01,  4.92245043e-01,  4.95254028e-01,\n",
       "        -1.16086745e-01, -1.29434099e-01,  3.36415427e-01,\n",
       "        -4.72202135e-02, -7.38028812e-02,  4.51028347e-01],\n",
       "       [ 3.61563783e-02, -1.21022910e-01, -5.14944100e-02,\n",
       "         1.74806319e-01,  6.60748758e-01,  5.54563048e-01,\n",
       "        -5.89854349e-01, -1.02711436e-01,  5.13223587e-03,\n",
       "         2.04761971e-01, -8.03539468e-03,  1.88484358e-01,\n",
       "         1.00020004e+00,  6.67498992e-02,  1.49156647e-02,\n",
       "        -7.07657365e-03,  4.00832585e-02,  1.78007173e-02,\n",
       "         6.88366645e-03,  6.39296065e-02,  1.05761439e-02,\n",
       "         1.67792564e-01,  2.77048563e-01,  1.88544713e-01,\n",
       "        -2.72255483e-02, -6.34504077e-02,  2.83975458e-01,\n",
       "        -3.17564979e-02, -9.65072647e-02,  2.16306872e-01],\n",
       "       [ 2.59172678e-01, -1.54319249e-01,  2.62711425e-01,\n",
       "         4.34646160e-01,  1.46096348e-01,  2.04301805e-01,\n",
       "        -8.55085473e-02, -2.11323175e-01,  1.41284066e-01,\n",
       "         5.06667912e-01, -4.91414519e-01,  1.67824376e-01,\n",
       "         6.67498992e-02,  1.00020004e+00, -8.04489413e-03,\n",
       "        -1.88957067e-03,  7.76906831e-02,  7.20533718e-03,\n",
       "         3.21615952e-02,  1.98847275e-01,  2.13781137e-02,\n",
       "         4.71040422e-01,  2.34827411e-01,  3.84210094e-01,\n",
       "        -3.39888421e-02, -4.41123884e-02,  2.49982521e-01,\n",
       "        -4.82463721e-02, -7.14311209e-02,  3.65496904e-01],\n",
       "       [ 2.05400351e-02,  1.07678496e-02,  8.60831531e-03,\n",
       "         7.07577330e-03, -1.23727804e-02, -1.30801168e-02,\n",
       "        -5.24437004e-03,  2.55531358e-03, -4.87948251e-03,\n",
       "        -3.46854325e-03,  1.23854243e-02,  1.23921615e-02,\n",
       "         1.49156647e-02, -8.04489413e-03,  1.00020004e+00,\n",
       "         1.09015033e-02,  5.91660241e-03,  5.38636717e-01,\n",
       "         3.01189647e-03,  1.13565589e-02, -1.64543439e-02,\n",
       "        -1.07395503e-02, -9.51091950e-03,  4.92055663e-03,\n",
       "         1.63218310e-01,  9.37725276e-03, -1.31853363e-02,\n",
       "         8.21001494e-02,  1.73220703e-03, -3.61255376e-03],\n",
       "       [-1.38174796e-03,  1.90075777e-02,  1.35948639e-02,\n",
       "         1.58670261e-02, -6.76301533e-03, -4.13877825e-03,\n",
       "         1.96293732e-03, -6.30248848e-03, -1.96390630e-03,\n",
       "         8.07682821e-03,  3.31645752e-02,  6.85000641e-03,\n",
       "        -7.07657365e-03, -1.88957067e-03,  1.09015033e-02,\n",
       "         1.00020004e+00,  2.90360998e-02,  1.38261875e-02,\n",
       "        -2.16255656e-01,  3.28990890e-03,  3.06334769e-02,\n",
       "         4.73521616e-03, -7.32074934e-03,  1.11285290e-02,\n",
       "         2.59340848e-02, -1.27032671e-01, -6.37695372e-04,\n",
       "         8.60875122e-03, -5.14410061e-02,  3.68352163e-03],\n",
       "       [ 2.73975126e-01,  3.10452671e-01,  3.75696837e-01,\n",
       "         3.47274659e-01,  6.54448167e-02,  8.47391151e-02,\n",
       "         9.05461047e-03, -5.78149199e-02,  9.74368487e-02,\n",
       "         4.21568646e-01,  7.15703760e-01,  4.18839991e-02,\n",
       "         4.00832585e-02,  7.76906831e-02,  5.91660241e-03,\n",
       "         2.90360998e-02,  1.00020004e+00, -7.92034534e-03,\n",
       "         1.66272819e-02,  1.66662322e-01,  1.50416431e-02,\n",
       "         3.37724814e-01,  1.83245727e-01,  2.91054061e-01,\n",
       "        -4.43459035e-02, -3.78690921e-02,  1.73121167e-01,\n",
       "        -1.75562231e-02, -1.53370104e-02,  2.64189505e-01],\n",
       "       [-1.48475748e-02, -3.64396323e-03, -7.87426363e-03,\n",
       "         1.77846954e-02,  2.95565609e-03,  4.63868981e-03,\n",
       "        -1.43109772e-02, -1.27919559e-02,  6.71507654e-04,\n",
       "         1.13958818e-02, -9.02565564e-03,  2.54260999e-02,\n",
       "         1.78007173e-02,  7.20533718e-03,  5.38636717e-01,\n",
       "         1.38261875e-02, -7.92034534e-03,  1.00020004e+00,\n",
       "        -1.21955675e-02,  1.05085998e-02, -1.24680902e-03,\n",
       "         9.61926836e-03,  1.31010961e-02,  1.54340015e-02,\n",
       "         1.73705294e-01, -1.80320790e-02,  9.51749013e-03,\n",
       "         8.58578056e-02, -1.96677357e-02,  1.34516240e-02],\n",
       "       [ 2.65693135e-02,  6.05810953e-03,  2.31672435e-02,\n",
       "         1.22359335e-02,  9.90834597e-03,  1.42291969e-02,\n",
       "        -1.43510660e-02, -3.14948839e-03,  3.88247422e-03,\n",
       "         1.62702325e-02, -1.24233155e-02,  2.07374466e-03,\n",
       "         6.88366645e-03,  3.21615952e-02,  3.01189647e-03,\n",
       "        -2.16255656e-01,  1.66272819e-02, -1.21955675e-02,\n",
       "         1.00020004e+00,  8.87625249e-03,  1.35437967e-02,\n",
       "         1.53439772e-02,  5.62893917e-03,  9.53098695e-03,\n",
       "         1.69176638e-02, -2.11645848e-01,  4.32099231e-03,\n",
       "         1.59656978e-02, -7.14334616e-02,  8.74619228e-03],\n",
       "       [-8.01380915e-02,  1.79022163e-01, -7.06131036e-02,\n",
       "         6.78616048e-01,  1.58912870e-01,  2.49473337e-01,\n",
       "        -6.83888203e-02, -3.80920991e-01,  2.02142432e-01,\n",
       "         5.30280210e-01,  2.91139848e-02,  1.78911350e-01,\n",
       "         6.39296065e-02,  1.98847275e-01,  1.13565589e-02,\n",
       "         3.28990890e-03,  1.66662322e-01,  1.05085998e-02,\n",
       "         8.87625249e-03,  1.00020004e+00,  3.30607754e-03,\n",
       "         4.90612160e-01,  3.08001218e-01,  6.01870633e-01,\n",
       "        -5.76620260e-02, -2.92499063e-02,  3.64733456e-01,\n",
       "        -5.60449371e-02, -4.35943778e-02,  5.41494003e-01],\n",
       "       [ 2.09611254e-02, -3.92927303e-02, -2.08081848e-03,\n",
       "         3.47642329e-02,  2.41926642e-02,  2.11952416e-02,\n",
       "        -1.61029350e-02, -1.78641611e-02, -6.39560487e-03,\n",
       "         2.86402140e-02, -7.41744984e-03,  2.88156411e-02,\n",
       "         1.05761439e-02,  2.13781137e-02, -1.64543439e-02,\n",
       "         3.06334769e-02,  1.50416431e-02, -1.24680902e-03,\n",
       "         1.35437967e-02,  3.30607754e-03,  1.00020004e+00,\n",
       "         2.68620323e-02,  2.87466701e-02,  3.45232307e-02,\n",
       "         1.38206321e-02, -2.43239638e-01,  1.02764461e-02,\n",
       "        -7.34199478e-04, -4.04974270e-02,  2.57512865e-02],\n",
       "       [ 1.97837274e-01, -1.72542055e-01,  4.24527617e-02,\n",
       "         7.82961391e-01,  3.69117821e-01,  4.57253535e-01,\n",
       "        -1.21899504e-01, -3.97410474e-01,  4.66720159e-01,\n",
       "         9.05732688e-01,  2.31495198e-02,  4.23729378e-01,\n",
       "         1.67792564e-01,  4.71040422e-01, -1.07395503e-02,\n",
       "         4.73521616e-03,  3.37724814e-01,  9.61926836e-03,\n",
       "         1.53439772e-02,  4.90612160e-01,  2.68620323e-02,\n",
       "         1.00020004e+00,  6.92884429e-01,  8.28382885e-01,\n",
       "        -9.34729811e-02, -1.06564097e-01,  7.41049549e-01,\n",
       "        -8.54185511e-02, -1.15902438e-01,  8.86267079e-01],\n",
       "       [ 1.39157703e-01, -2.32147965e-01, -3.17794029e-02,\n",
       "         6.11619272e-01,  5.96336996e-01,  5.32772995e-01,\n",
       "        -1.89127881e-01, -3.37334651e-01,  3.67883388e-01,\n",
       "         7.49638893e-01,  3.20704870e-02,  4.92245043e-01,\n",
       "         2.77048563e-01,  2.34827411e-01, -9.51091950e-03,\n",
       "        -7.32074934e-03,  1.83245727e-01,  1.31010961e-02,\n",
       "         5.62893917e-03,  3.08001218e-01,  2.87466701e-02,\n",
       "         6.92884429e-01,  1.00020004e+00,  6.81619836e-01,\n",
       "        -1.69280771e-01, -1.74338107e-01,  7.57104674e-01,\n",
       "        -1.08379244e-01, -1.63207526e-01,  7.86196459e-01],\n",
       "       [ 1.44318200e-01, -2.44017230e-01, -5.65855203e-02,\n",
       "         8.81090488e-01,  3.65934794e-01,  4.70423232e-01,\n",
       "        -1.49660764e-01, -4.68915806e-01,  2.88618176e-01,\n",
       "         9.13829355e-01,  4.10377059e-02,  4.95254028e-01,\n",
       "         1.88544713e-01,  3.84210094e-01,  4.92055663e-03,\n",
       "         1.11285290e-02,  2.91054061e-01,  1.54340015e-02,\n",
       "         9.53098695e-03,  6.01870633e-01,  3.45232307e-02,\n",
       "         8.28382885e-01,  6.81619836e-01,  1.00020004e+00,\n",
       "        -1.41464182e-01, -1.41860057e-01,  6.49869660e-01,\n",
       "        -8.74470396e-02, -1.00934655e-01,  9.23673871e-01],\n",
       "       [-3.95191993e-02,  5.18657008e-02, -7.66049471e-03,\n",
       "        -1.16820132e-01, -6.20045273e-02, -7.37606733e-02,\n",
       "         4.91059797e-03,  5.68885001e-02, -6.21536346e-02,\n",
       "        -1.19566949e-01, -1.62573276e-02, -1.16086745e-01,\n",
       "        -2.72255483e-02, -3.39888421e-02,  1.63218310e-01,\n",
       "         2.59340848e-02, -4.43459035e-02,  1.73705294e-01,\n",
       "         1.69176638e-02, -5.76620260e-02,  1.38206321e-02,\n",
       "        -9.34729811e-02, -1.69280771e-01, -1.41464182e-01,\n",
       "         1.00020004e+00,  1.10299548e-02, -7.99611515e-02,\n",
       "        -1.36436107e-01,  2.90479168e-03, -1.22931525e-01],\n",
       "       [-5.28985122e-02,  1.03928295e-01, -3.41998671e-03,\n",
       "        -1.24272231e-01, -9.67473698e-02, -8.65181939e-02,\n",
       "         3.87453508e-02,  5.60921715e-02, -5.48843582e-02,\n",
       "        -1.25611359e-01,  6.01276554e-03, -1.29434099e-01,\n",
       "        -6.34504077e-02, -4.41123884e-02,  9.37725276e-03,\n",
       "        -1.27032671e-01, -3.78690921e-02, -1.80320790e-02,\n",
       "        -2.11645848e-01, -2.92499063e-02, -2.43239638e-01,\n",
       "        -1.06564097e-01, -1.74338107e-01, -1.41860057e-01,\n",
       "         1.10299548e-02,  1.00020004e+00, -9.01416433e-02,\n",
       "         1.59304721e-02, -3.28869870e-02, -1.29231309e-01],\n",
       "       [ 7.68605514e-02, -1.71031651e-01, -5.94650455e-02,\n",
       "         5.67693758e-01,  5.58048252e-01,  6.26713962e-01,\n",
       "        -2.06247326e-01, -3.18565665e-01,  3.75506882e-01,\n",
       "         8.09746131e-01,  2.07488990e-02,  3.36415427e-01,\n",
       "         2.83975458e-01,  2.49982521e-01, -1.31853363e-02,\n",
       "        -6.37695372e-04,  1.73121167e-01,  9.51749013e-03,\n",
       "         4.32099231e-03,  3.64733456e-01,  1.02764461e-02,\n",
       "         7.41049549e-01,  7.57104674e-01,  6.49869660e-01,\n",
       "        -7.99611515e-02, -9.01416433e-02,  1.00020004e+00,\n",
       "        -1.13372905e-01, -1.63450628e-01,  8.55237721e-01],\n",
       "       [-3.41906373e-02,  3.74368749e-02, -1.00868367e-02,\n",
       "        -8.25450225e-02, -7.95570662e-02, -6.01902299e-02,\n",
       "         1.45676667e-02,  3.85648802e-02, -1.42366238e-02,\n",
       "        -1.00912540e-01,  1.62761940e-02, -4.72202135e-02,\n",
       "        -3.17564979e-02, -4.82463721e-02,  8.21001494e-02,\n",
       "         8.60875122e-03, -1.75562231e-02,  8.58578056e-02,\n",
       "         1.59656978e-02, -5.60449371e-02, -7.34199478e-04,\n",
       "        -8.54185511e-02, -1.08379244e-01, -8.74470396e-02,\n",
       "        -1.36436107e-01,  1.59304721e-02, -1.13372905e-01,\n",
       "         1.00020004e+00, -1.73250373e-02, -1.03862353e-01],\n",
       "       [-2.50395557e-02,  6.12136706e-02,  3.67827424e-03,\n",
       "        -1.01243376e-01, -1.62300941e-01, -1.50607130e-01,\n",
       "         1.07587911e-01,  5.53908386e-02, -4.06155339e-02,\n",
       "        -1.31333857e-01,  1.84785442e-02, -7.38028812e-02,\n",
       "        -9.65072647e-02, -7.14311209e-02,  1.73220703e-03,\n",
       "        -5.14410061e-02, -1.53370104e-02, -1.96677357e-02,\n",
       "        -7.14334616e-02, -4.35943778e-02, -4.04974270e-02,\n",
       "        -1.15902438e-01, -1.63207526e-01, -1.00934655e-01,\n",
       "         2.90479168e-03, -3.28869870e-02, -1.63450628e-01,\n",
       "        -1.73250373e-02,  1.00020004e+00, -1.34954532e-01],\n",
       "       [ 1.23260885e-01, -2.20179018e-01, -5.83688194e-02,\n",
       "         8.08568959e-01,  4.47829283e-01,  5.52321699e-01,\n",
       "        -1.63097151e-01, -4.39612470e-01,  4.29004294e-01,\n",
       "         9.71264088e-01,  3.48861966e-02,  4.51028347e-01,\n",
       "         2.16306872e-01,  3.65496904e-01, -3.61255376e-03,\n",
       "         3.68352163e-03,  2.64189505e-01,  1.34516240e-02,\n",
       "         8.74619228e-03,  5.41494003e-01,  2.57512865e-02,\n",
       "         8.86267079e-01,  7.86196459e-01,  9.23673871e-01,\n",
       "        -1.22931525e-01, -1.29231309e-01,  8.55237721e-01,\n",
       "        -1.03862353e-01, -1.34954532e-01,  1.00020004e+00]])"
      ]
     },
     "execution_count": 62,
     "metadata": {},
     "output_type": "execute_result"
    }
   ],
   "source": [
    "# correlation between features\n",
    "feat_matrix = np.zeros((nb_features, nb_features))\n",
    "for i in range(nb_features):\n",
    "    for j in range(nb_features):\n",
    "        cor = pearson(tX[:, i], tX[:, j])\n",
    "        feat_matrix[i, j] = cor\n",
    "        if np.absolute(cor) >= 0.5 :\n",
    "            print(i, j)\n",
    "        \n",
    "feat_matrix"
   ]
  },
  {
   "cell_type": "markdown",
   "metadata": {},
   "source": [
    "## Apply methods"
   ]
  },
  {
   "cell_type": "markdown",
   "metadata": {},
   "source": [
    "### Gradient descent"
   ]
  },
  {
   "cell_type": "code",
   "execution_count": 38,
   "metadata": {},
   "outputs": [],
   "source": [
    "w_initial = np.array([0 for _ in range(tX.shape[1])])\n",
    "max_iters = 50\n",
    "gamma = 0.7\n",
    "weights, loss = least_squares_GD(y, tX, w_initial, max_iters, gamma)"
   ]
  },
  {
   "cell_type": "code",
   "execution_count": 39,
   "metadata": {},
   "outputs": [
    {
     "name": "stdout",
     "output_type": "stream",
     "text": [
      "[ 1.32393860e+251  5.15667824e+250  9.58694478e+250  1.12044675e+251\n",
      "  1.99652335e+249  3.44287680e+251 -9.57727049e+248  2.48536433e+249\n",
      "  2.95665223e+250  2.83705867e+251  1.69658336e+249  3.16110981e+248\n",
      "  4.96867741e+248  5.25854670e+250 -1.90442678e+247  4.45580236e+246\n",
      "  5.99095621e+250 -1.23645488e+247  1.66615787e+248  6.37052052e+250\n",
      "  8.49397069e+247  3.48458615e+251  1.84304865e+249  1.09417700e+251\n",
      "  1.12349261e+248  1.05186312e+248  4.52019213e+250  1.40282358e+248\n",
      "  4.78967058e+247  1.71210818e+251] inf\n"
     ]
    }
   ],
   "source": [
    "print(weights, loss)"
   ]
  },
  {
   "cell_type": "markdown",
   "metadata": {},
   "source": [
    "## Generate predictions and save ouput in csv format for submission:"
   ]
  },
  {
   "cell_type": "code",
   "execution_count": 10,
   "metadata": {},
   "outputs": [],
   "source": [
    "DATA_TEST_PATH = 'data/test.csv'\n",
    "_, tX_test, ids_test = load_csv_data(DATA_TEST_PATH)"
   ]
  },
  {
   "cell_type": "code",
   "execution_count": 31,
   "metadata": {},
   "outputs": [],
   "source": [
    "OUTPUT_PATH = 'data/predict.csv'\n",
    "y_pred = predict_labels(weights, tX_test)\n",
    "create_csv_submission(ids_test, y_pred, OUTPUT_PATH)"
   ]
  }
 ],
 "metadata": {
  "anaconda-cloud": {},
  "kernelspec": {
   "display_name": "Python 3",
   "language": "python",
   "name": "python3"
  },
  "language_info": {
   "codemirror_mode": {
    "name": "ipython",
    "version": 3
   },
   "file_extension": ".py",
   "mimetype": "text/x-python",
   "name": "python",
   "nbconvert_exporter": "python",
   "pygments_lexer": "ipython3",
   "version": "3.7.6"
  }
 },
 "nbformat": 4,
 "nbformat_minor": 1
}
